120,40,40,4,0.9,100,Partition,0.9157500000000001
120,30,10,4,0.8,100,Partition,0.8973333333333332
120,30,40,4,1.0,100,CredibleSubset,0.35
120,24,10,4,1.0,100,TopK,0.51125
120,24,30,4,0.1,100,Bucket,0.7445833333333336
120,60,60,4,0,100,ExactDollarPartitionv2,0.9436666666666675
120,60,30,4,0.9,100,CredibleSubset,0.71
120,40,10,4,1.0,100,CredibleSubset,0.79
120,10,10,4,0.8,100,CredibleSubset,0.55
120,30,60,4,0.9,100,TopK,0.9179999999999999
120,10,30,4,0.9,100,DollarPartitionRaffle,0.7239999999999996
120,60,60,4,0.9,100,CredibleSubset,0.44
120,10,30,4,0.9,100,ExactDollarPartition,0.8109999999999999
120,40,60,4,0,100,Bucket,0.9147499999999998
120,40,60,4,0.1,100,CredibleSubset,0.34
120,40,40,4,0.5,100,CredibleSubset,0.52
120,40,40,4,1.0,100,CredibleSubset,0.49
120,30,40,4,0.9,100,Partition,0.8946666666666665
120,24,60,4,0,100,DollarPartitionRaffle,0.8349999999999999
120,24,40,4,0.5,100,TopK,0.9033333333333334
120,60,30,4,0.9,100,Partition,0.9433333333333341
120,30,30,4,0.8,100,Partition,0.8983333333333334
120,10,10,4,0.8,100,TopK,0.5170000000000001
120,24,10,4,0.1,100,ExactDollarPartition,0.8929166666666662
120,30,60,4,1.0,100,Bucket,0.5250000000000001
120,60,10,4,0.5,100,CredibleSubset,0.9
120,30,10,4,0,100,ExactDollarPartition,0.9086666666666665
120,60,40,4,0.8,100,ExactDollarPartition,0.9628333333333344
120,40,40,4,0,100,TopK,0.9285
120,10,10,4,0.5,100,DollarRaffle,0.15399999999999986
120,24,30,4,1.0,100,DollarRaffle,0.21833333333333338
120,30,30,4,0.5,100,ExactDollarPartition,0.9220000000000003
120,60,10,4,0.9,100,TopK,0.888666666666667
120,60,40,4,1.0,100,Vanilla,1.0
120,24,10,4,0,100,ExactDollarPartition,0.8891666666666664
120,40,60,4,1.0,100,DollarRaffle,0.34924999999999995
120,40,30,4,0.5,100,ExactDollarPartition,0.9427499999999999
120,30,40,4,0.1,100,ExactDollarPartitionv2,0.9316666666666669
120,30,10,4,0.5,100,Vanilla,1.0
120,24,10,4,1.0,100,Partition,0.8754166666666668
120,30,10,4,0.1,100,ExactDollarPartitionv2,0.9210000000000004
120,10,10,4,0.5,100,DollarPartitionRaffle,0.7210000000000001
120,60,60,4,1.0,100,TopK,0.7496666666666666
120,24,30,4,1.0,100,Bucket,0.45666666666666667
120,10,30,4,0.1,100,CredibleSubset,0.22
120,30,60,4,0.5,100,CredibleSubset,0.38
120,40,40,4,0.8,100,DollarRaffle,0.50825
120,24,30,4,0.5,100,Partition,0.8879166666666667
120,60,60,4,1.0,100,ExactDollarPartitionv2,0.9051666666666671
120,24,40,4,1.0,100,Vanilla,1.0
120,10,10,4,0.9,100,DollarPartitionRaffle,0.7250000000000004
120,30,60,4,0.8,100,ExactDollarPartition,0.9206666666666665
120,60,10,4,1.0,100,DollarRaffle,0.5433333333333334
120,40,30,4,0.5,100,Vanilla,1.0
120,40,10,4,0.1,100,Bucket,0.7532499999999999
120,24,10,4,0.8,100,Vanilla,1.0
120,10,40,4,0.9,100,ExactDollarPartitionv2,0.8519999999999999
120,24,30,4,0.8,100,ExactDollarPartitionv2,0.9224999999999995
120,10,10,4,0,100,ExactDollarPartitionv2,0.851
120,24,60,4,0.5,100,DollarPartitionRaffle,0.8295833333333331
120,30,10,4,0.5,100,Bucket,0.6836666666666668
120,30,30,4,0.1,100,TopK,0.8976666666666666
120,30,60,4,0.1,100,ExactDollarPartitionv2,0.9293333333333337
120,10,40,4,0.9,100,TopK,0.8039999999999998
120,24,60,4,0,100,Vanilla,1.0
120,10,10,4,1.0,100,ExactDollarPartition,0.7959999999999997
120,10,60,4,0.8,100,DollarPartitionRaffle,0.7339999999999999
120,40,60,4,0.5,100,TopK,0.9472499999999999
120,30,60,4,0.8,100,DollarPartitionRaffle,0.8553333333333328
120,30,40,4,0,100,DollarRaffle,0.4156666666666663
120,30,10,4,0,100,ExactDollarPartitionv2,0.9276666666666666
120,60,30,4,1.0,100,ExactDollarPartitionv2,0.8960000000000005
120,30,60,4,1.0,100,DollarRaffle,0.2649999999999999
120,60,40,4,0.8,100,CredibleSubset,0.6
120,60,60,4,0.5,100,TopK,0.9723333333333342
120,30,10,4,0.5,100,ExactDollarPartition,0.914666666666667
120,24,10,4,0,100,DollarPartitionRaffle,0.8320833333333334
120,30,30,4,0,100,Bucket,0.7996666666666663
120,10,40,4,0.1,100,CredibleSubset,0.19
120,40,60,4,0.9,100,DollarRaffle,0.47975000000000023
120,10,40,4,0.8,100,DollarRaffle,0.16299999999999992
120,24,10,4,0.1,100,ExactDollarPartitionv2,0.9091666666666667
120,40,30,4,0.9,100,CredibleSubset,0.55
120,30,40,4,0.5,100,Partition,0.897666666666667
120,24,40,4,0.9,100,Bucket,0.7645833333333332
120,60,40,4,0.8,100,Partition,0.9401666666666679
120,10,30,4,0.5,100,DollarPartitionRaffle,0.705
120,24,60,4,1.0,100,DollarPartitionRaffle,0.8254166666666667
120,60,10,4,0.9,100,Partition,0.9371666666666676
120,60,10,4,1.0,100,Bucket,0.6813333333333331
120,10,60,4,0.9,100,Vanilla,1.0
120,30,60,4,0.1,100,Partition,0.8983333333333331
120,60,60,4,0.1,100,DollarRaffle,0.6770000000000002
120,10,10,4,0.9,100,ExactDollarPartition,0.7839999999999998
120,60,10,4,1.0,100,Vanilla,1.0
120,30,10,4,0.8,100,Vanilla,1.0
120,60,30,4,0.5,100,TopK,0.9493333333333343
120,40,40,4,0,100,CredibleSubset,0.51
120,30,10,4,1.0,100,DollarRaffle,0.28566666666666657
120,30,60,4,0.8,100,ExactDollarPartitionv2,0.9290000000000006
120,30,30,4,1.0,100,Partition,0.8906666666666664
120,30,60,4,0.8,100,TopK,0.9336666666666669
120,30,40,4,0.9,100,DollarPartitionRaffle,0.8479999999999995
120,40,60,4,0.5,100,DollarPartitionRaffle,0.8740000000000001
120,40,30,4,0.8,100,TopK,0.9095
120,10,60,4,0.9,100,Bucket,0.5870000000000004
120,40,40,4,0.8,100,Bucket,0.8839999999999999
120,24,30,4,0,100,Bucket,0.7400000000000003
120,24,10,4,0.9,100,Partition,0.8758333333333335
120,10,40,4,0.1,100,DollarPartitionRaffle,0.7150000000000002
120,40,60,4,0.9,100,Bucket,0.9084999999999998
120,24,30,4,0.5,100,CredibleSubset,0.52
120,30,40,4,0,100,ExactDollarPartitionv2,0.9300000000000002
120,30,30,4,0.1,100,Bucket,0.7903333333333329
120,30,60,4,0.9,100,CredibleSubset,0.32
120,30,10,4,1.0,100,ExactDollarPartitionv2,0.8296666666666661
120,30,30,4,1.0,100,DollarRaffle,0.2866666666666666
120,30,10,4,1.0,100,Partition,0.8869999999999998
120,30,40,4,0.5,100,TopK,0.9039999999999999
120,24,10,4,0.9,100,CredibleSubset,0.69
120,24,30,4,0.8,100,DollarPartitionRaffle,0.8125
120,60,10,4,0.9,100,ExactDollarPartition,0.9586666666666673
120,60,60,4,0.1,100,Partition,0.9385000000000008
120,40,60,4,0.8,100,ExactDollarPartition,0.9450000000000002
120,10,30,4,0.9,100,TopK,0.764
120,24,60,4,0.1,100,Partition,0.8875
120,30,40,4,0.5,100,DollarPartitionRaffle,0.8576666666666667
120,30,30,4,0.5,100,Vanilla,1.0
120,40,10,4,0.8,100,TopK,0.8245000000000005
120,24,60,4,0.8,100,ExactDollarPartition,0.9041666666666666
120,10,40,4,0.8,100,ExactDollarPartition,0.8059999999999996
120,10,30,4,1.0,100,TopK,0.4409999999999999
120,30,60,4,0.1,100,TopK,0.922
120,30,60,4,0.1,100,ExactDollarPartition,0.9196666666666665
120,60,10,4,0.5,100,Bucket,0.8704999999999995
120,10,30,4,0.1,100,DollarPartitionRaffle,0.7020000000000001
120,30,40,4,0.5,100,Vanilla,1.0
120,40,10,4,0,100,ExactDollarPartition,0.9392500000000001
120,24,10,4,0.9,100,Vanilla,1.0
120,60,10,4,0.9,100,DollarPartitionRaffle,0.9001666666666677
120,24,30,4,1.0,100,Vanilla,1.0
120,30,40,4,1.0,100,TopK,0.565666666666667
120,30,30,4,0.8,100,CredibleSubset,0.47
120,30,30,4,0.8,100,ExactDollarPartitionv2,0.9236666666666673
120,60,10,4,1.0,100,DollarPartitionRaffle,0.9018333333333339
120,60,40,4,0.5,100,Bucket,0.9518333333333344
120,30,60,4,0.9,100,Bucket,0.8539999999999991
120,40,40,4,0.1,100,Vanilla,1.0
120,60,10,4,0.8,100,DollarRaffle,0.6471666666666666
120,24,60,4,0.9,100,Bucket,0.8075000000000001
120,40,10,4,0.5,100,Bucket,0.7512500000000002
120,10,10,4,0.8,100,Partition,0.7879999999999999
120,30,30,4,0.8,100,TopK,0.8919999999999999
120,60,60,4,0.5,100,Partition,0.9441666666666676
120,10,60,4,1.0,100,DollarRaffle,0.09499999999999993
120,30,60,4,0.1,100,DollarRaffle,0.40666666666666645
120,40,10,4,1.0,100,ExactDollarPartition,0.9224999999999998
120,60,30,4,0,100,Vanilla,1.0
120,60,40,4,0.8,100,DollarRaffle,0.6771666666666664
120,30,40,4,0.1,100,TopK,0.9063333333333332
120,60,40,4,0.9,100,ExactDollarPartition,0.9591666666666677
120,24,10,4,0.1,100,TopK,0.7479166666666665
120,40,40,4,0.1,100,Bucket,0.8925000000000004
120,60,30,4,1.0,100,ExactDollarPartition,0.9443333333333342
120,40,10,4,0.9,100,Vanilla,1.0
120,24,40,4,0,100,DollarPartitionRaffle,0.8312499999999998
120,10,60,4,0,100,ExactDollarPartitionv2,0.8710000000000003
120,40,10,4,0.8,100,Partition,0.9072499999999998
120,60,60,4,0.8,100,Bucket,0.9638333333333345
120,40,40,4,1.0,100,Vanilla,1.0
120,60,30,4,0.5,100,DollarPartitionRaffle,0.9050000000000005
120,40,40,4,0,100,DollarRaffle,0.507
120,24,40,4,0.9,100,DollarRaffle,0.3054166666666667
120,30,60,4,1.0,100,Vanilla,1.0
120,30,30,4,0,100,Vanilla,1.0
120,40,40,4,1.0,100,Bucket,0.58725
120,40,30,4,0.1,100,Partition,0.9217500000000001
120,10,10,4,0,100,DollarRaffle,0.14199999999999996
120,60,10,4,0.1,100,DollarPartitionRaffle,0.9048333333333335
120,10,40,4,0,100,DollarPartitionRaffle,0.7380000000000001
120,40,60,4,0,100,Partition,0.9154999999999999
120,10,40,4,1.0,100,CredibleSubset,0.13
120,40,60,4,1.0,100,Partition,0.9087500000000002
120,60,60,4,0.8,100,DollarPartitionRaffle,0.9000000000000007
120,60,10,4,0,100,CredibleSubset,0.89
120,10,30,4,0.5,100,ExactDollarPartitionv2,0.8730000000000002
120,10,10,4,0,100,DollarPartitionRaffle,0.7209999999999996
120,30,10,4,0.9,100,Bucket,0.6616666666666668
120,40,40,4,0.8,100,ExactDollarPartition,0.93275
120,24,10,4,1.0,100,ExactDollarPartitionv2,0.8150000000000006
120,10,40,4,0,100,ExactDollarPartition,0.8079999999999995
120,40,30,4,1.0,100,ExactDollarPartition,0.9162499999999996
120,10,60,4,0.9,100,DollarRaffle,0.14599999999999994
120,60,60,4,0,100,TopK,0.9733333333333342
120,60,40,4,0.5,100,TopK,0.9596666666666677
120,10,40,4,0.9,100,Bucket,0.508
120,10,10,4,0.1,100,Partition,0.7869999999999999
120,40,10,4,0.8,100,ExactDollarPartitionv2,0.9335
120,30,10,4,0.8,100,DollarRaffle,0.3813333333333332
120,60,10,4,0.5,100,ExactDollarPartitionv2,0.9458333333333344
120,10,30,4,0.1,100,Vanilla,1.0
120,24,40,4,0,100,Partition,0.8870833333333333
120,60,60,4,0.9,100,Bucket,0.9640000000000009
120,40,10,4,0.8,100,DollarRaffle,0.483
120,60,10,4,0.1,100,TopK,0.8950000000000002
120,40,10,4,1.0,100,DollarPartitionRaffle,0.8717499999999998
120,40,30,4,0.1,100,DollarRaffle,0.49974999999999986
120,10,60,4,0.5,100,ExactDollarPartitionv2,0.888
120,30,10,4,0,100,CredibleSubset,0.69
120,10,40,4,0.5,100,DollarPartitionRaffle,0.7240000000000002
120,40,30,4,1.0,100,DollarPartitionRaffle,0.8602500000000002
120,40,60,4,0.5,100,ExactDollarPartition,0.9439999999999996
120,24,30,4,0,100,DollarRaffle,0.34
120,30,40,4,0.8,100,CredibleSubset,0.49
120,24,40,4,0.5,100,Partition,0.8845833333333333
120,24,30,4,0.1,100,CredibleSubset,0.38
120,30,10,4,0.5,100,CredibleSubset,0.71
120,24,30,4,0.9,100,DollarRaffle,0.3133333333333333
120,10,10,4,0.1,100,DollarPartitionRaffle,0.7040000000000002
120,10,10,4,1.0,100,CredibleSubset,0.6
120,40,30,4,0.8,100,ExactDollarPartitionv2,0.9375000000000003
120,30,10,4,0.5,100,ExactDollarPartitionv2,0.9233333333333336
120,24,10,4,0.5,100,ExactDollarPartition,0.8966666666666667
120,10,30,4,0,100,Partition,0.816
120,40,60,4,0.8,100,TopK,0.9492499999999999
120,60,30,4,1.0,100,DollarRaffle,0.5318333333333333
120,60,60,4,0,100,DollarRaffle,0.6881666666666668
120,24,60,4,1.0,100,Bucket,0.47583333333333344
120,10,10,4,0,100,ExactDollarPartition,0.7969999999999997
120,40,60,4,1.0,100,TopK,0.6255
120,30,40,4,1.0,100,ExactDollarPartition,0.8940000000000008
120,40,10,4,1.0,100,ExactDollarPartitionv2,0.8624999999999997
120,40,60,4,0.9,100,Vanilla,1.0
120,24,60,4,1.0,100,Vanilla,1.0
120,10,30,4,1.0,100,ExactDollarPartition,0.8080000000000003
120,40,30,4,0,100,DollarPartitionRaffle,0.8724999999999998
120,40,60,4,0.5,100,Partition,0.9195
120,30,40,4,0,100,DollarPartitionRaffle,0.848333333333333
120,24,60,4,0,100,CredibleSubset,0.23
120,10,40,4,0.1,100,Bucket,0.5640000000000002
120,30,10,4,0.8,100,DollarPartitionRaffle,0.8436666666666663
120,40,30,4,0.5,100,DollarRaffle,0.5025000000000002
120,30,60,4,0.5,100,Vanilla,1.0
120,24,10,4,0.9,100,TopK,0.7283333333333334
120,24,30,4,0.9,100,Bucket,0.7133333333333332
120,24,40,4,0.1,100,CredibleSubset,0.4
120,10,30,4,0.8,100,Vanilla,1.0
120,60,10,4,1.0,100,CredibleSubset,0.84
120,60,10,4,0.5,100,DollarRaffle,0.6564999999999998
120,24,40,4,0.9,100,DollarPartitionRaffle,0.8216666666666668
120,24,10,4,1.0,100,ExactDollarPartition,0.8791666666666669
120,60,60,4,0.5,100,ExactDollarPartitionv2,0.9448333333333341
120,40,30,4,0,100,DollarRaffle,0.5135000000000001
120,10,60,4,0.5,100,Partition,0.7870000000000004
120,40,10,4,0.5,100,TopK,0.8289999999999996
120,10,60,4,1.0,100,Vanilla,1.0
120,60,30,4,0.9,100,DollarRaffle,0.6623333333333332
120,10,30,4,0.8,100,TopK,0.7919999999999999
120,30,60,4,0.9,100,Vanilla,1.0
120,24,40,4,0.5,100,ExactDollarPartitionv2,0.9250000000000002
120,10,10,4,0.8,100,Vanilla,1.0
120,10,60,4,0.8,100,TopK,0.8910000000000002
120,24,10,4,0,100,Bucket,0.6216666666666669
120,24,30,4,0.8,100,TopK,0.8737500000000001
120,40,60,4,0.1,100,Vanilla,1.0
120,40,30,4,0.5,100,Bucket,0.8659999999999998
120,40,10,4,0.1,100,Partition,0.9147500000000001
120,40,40,4,0,100,Vanilla,1.0
120,40,60,4,0.1,100,Partition,0.9212500000000002
120,10,10,4,1.0,100,ExactDollarPartitionv2,0.7040000000000002
120,24,40,4,0.8,100,TopK,0.8970833333333335
120,40,40,4,1.0,100,ExactDollarPartitionv2,0.8709999999999993
120,24,10,4,0,100,Vanilla,1.0
120,60,30,4,0.8,100,ExactDollarPartitionv2,0.9463333333333346
120,30,30,4,0.5,100,Bucket,0.7993333333333331
120,60,60,4,0.8,100,ExactDollarPartitionv2,0.9468333333333342
120,10,10,4,0.5,100,CredibleSubset,0.57
120,24,60,4,0.5,100,ExactDollarPartition,0.89625
120,60,60,4,0.1,100,TopK,0.9746666666666673
120,30,60,4,0.9,100,DollarPartitionRaffle,0.8513333333333327
120,30,10,4,0.8,100,ExactDollarPartition,0.9160000000000003
120,10,60,4,0,100,TopK,0.9090000000000004
120,24,40,4,0.1,100,DollarPartitionRaffle,0.8337500000000003
120,60,10,4,0.9,100,DollarRaffle,0.642
120,24,60,4,0,100,TopK,0.9116666666666664
120,30,10,4,0.9,100,DollarRaffle,0.36899999999999994
120,60,40,4,1.0,100,CredibleSubset,0.6
120,30,30,4,0.5,100,Partition,0.9046666666666663
120,10,10,4,0.5,100,TopK,0.5260000000000001
120,24,30,4,1.0,100,CredibleSubset,0.44
120,24,10,4,1.0,100,DollarPartitionRaffle,0.8149999999999996
120,10,30,4,0.1,100,DollarRaffle,0.15399999999999986
120,40,10,4,0.5,100,ExactDollarPartition,0.9377499999999998
120,10,10,4,0.1,100,Bucket,0.4279999999999998
120,30,30,4,0.9,100,DollarRaffle,0.39333333333333315
120,40,40,4,0,100,ExactDollarPartitionv2,0.9379999999999997
120,40,40,4,1.0,100,Partition,0.9187500000000002
120,40,30,4,0.1,100,Bucket,0.86175
120,60,10,4,0.8,100,ExactDollarPartitionv2,0.9443333333333344
120,10,10,4,0.5,100,ExactDollarPartition,0.7989999999999998
120,30,60,4,1.0,100,Partition,0.894333333333333
120,40,60,4,0,100,ExactDollarPartition,0.9404999999999997
120,40,30,4,0.1,100,Vanilla,1.0
120,60,60,4,0.9,100,DollarPartitionRaffle,0.9015000000000006
120,24,10,4,0.1,100,DollarRaffle,0.3254166666666666
120,10,30,4,0,100,Vanilla,1.0
120,24,60,4,1.0,100,ExactDollarPartition,0.8854166666666669
120,10,60,4,0.1,100,CredibleSubset,0.12
120,24,60,4,0.5,100,CredibleSubset,0.32
120,30,30,4,0.8,100,DollarPartitionRaffle,0.845333333333333
120,24,40,4,0.1,100,Partition,0.8812500000000001
120,30,40,4,0.8,100,ExactDollarPartition,0.914666666666667
120,40,10,4,0.9,100,CredibleSubset,0.85
120,40,40,4,0.5,100,DollarRaffle,0.5167499999999999
120,40,40,4,0.1,100,CredibleSubset,0.46
120,24,10,4,0.5,100,Bucket,0.6249999999999999
120,40,10,4,0,100,Partition,0.9175000000000008
120,30,40,4,0.1,100,Partition,0.904
120,60,30,4,0.5,100,CredibleSubset,0.67
120,10,10,4,0.1,100,TopK,0.527
120,30,60,4,0,100,ExactDollarPartition,0.9200000000000003
120,24,60,4,0,100,DollarRaffle,0.34166666666666673
120,30,10,4,1.0,100,Bucket,0.47333333333333344
120,60,10,4,0.8,100,Partition,0.936833333333334
120,30,30,4,0.5,100,CredibleSubset,0.54
120,60,30,4,0.9,100,TopK,0.9528333333333343
120,30,40,4,0,100,Partition,0.8959999999999999
120,60,40,4,0.1,100,DollarRaffle,0.6799999999999998
120,24,40,4,1.0,100,Bucket,0.46583333333333343
120,30,30,4,0.5,100,ExactDollarPartitionv2,0.9273333333333338
120,10,30,4,0.8,100,Bucket,0.5099999999999999
120,40,60,4,0.9,100,ExactDollarPartitionv2,0.93475
120,60,10,4,0.5,100,Vanilla,1.0
120,60,10,4,1.0,100,TopK,0.7058333333333334
120,10,40,4,0.5,100,TopK,0.8640000000000002
120,40,60,4,1.0,100,ExactDollarPartitionv2,0.8452500000000001
120,40,30,4,0,100,Vanilla,1.0
120,24,10,4,1.0,100,DollarRaffle,0.2608333333333333
120,10,60,4,0.9,100,DollarPartitionRaffle,0.7219999999999999
120,40,30,4,0.9,100,Partition,0.9215000000000002
120,60,60,4,0.8,100,CredibleSubset,0.55
120,10,40,4,0.9,100,DollarPartitionRaffle,0.7159999999999996
120,10,60,4,0,100,DollarRaffle,0.1659999999999999
120,30,10,4,0.8,100,ExactDollarPartitionv2,0.9236666666666666
120,60,60,4,0,100,Vanilla,1.0
120,40,40,4,0.1,100,ExactDollarPartition,0.9395000000000002
120,60,40,4,0,100,CredibleSubset,0.59
120,60,40,4,0,100,ExactDollarPartitionv2,0.9426666666666675
120,24,30,4,1.0,100,ExactDollarPartitionv2,0.8008333333333336
120,10,30,4,0.8,100,CredibleSubset,0.26
120,10,60,4,0.5,100,CredibleSubset,0.16
120,60,60,4,0.9,100,ExactDollarPartition,0.9620000000000012
120,30,30,4,0.8,100,Bucket,0.7899999999999997
120,40,30,4,1.0,100,Vanilla,1.0
120,24,10,4,0,100,DollarRaffle,0.3299999999999999
120,30,40,4,0.9,100,ExactDollarPartitionv2,0.9256666666666669
120,24,40,4,0.9,100,ExactDollarPartitionv2,0.9191666666666671
120,60,40,4,0.9,100,TopK,0.9578333333333348
120,60,40,4,0,100,Partition,0.946833333333334
120,40,30,4,0,100,TopK,0.9172500000000003
120,60,10,4,0.5,100,Partition,0.9406666666666677
120,30,10,4,0,100,Bucket,0.6746666666666666
120,24,40,4,0.8,100,CredibleSubset,0.31
120,30,60,4,1.0,100,TopK,0.5326666666666667
120,30,40,4,0.8,100,Vanilla,1.0
120,10,30,4,0.8,100,DollarRaffle,0.15299999999999983
120,24,30,4,0.9,100,Vanilla,1.0
120,24,40,4,0.5,100,Vanilla,1.0
120,30,10,4,0,100,Vanilla,1.0
120,30,40,4,0.5,100,Bucket,0.8276666666666662
120,24,30,4,0,100,Partition,0.8862500000000003
120,30,40,4,0.9,100,ExactDollarPartition,0.9103333333333332
120,30,60,4,0.5,100,ExactDollarPartitionv2,0.9243333333333339
120,10,30,4,0.9,100,Bucket,0.506
120,30,60,4,0,100,DollarRaffle,0.41066666666666657
120,40,60,4,0.9,100,DollarPartitionRaffle,0.8767499999999993
120,10,10,4,1.0,100,Vanilla,1.0
120,24,10,4,0.9,100,DollarRaffle,0.3158333333333333
120,40,30,4,1.0,100,Bucket,0.5679999999999997
120,30,10,4,0.9,100,DollarPartitionRaffle,0.8609999999999992
120,40,40,4,0.1,100,DollarPartitionRaffle,0.8697499999999998
120,24,40,4,0.9,100,ExactDollarPartition,0.8945833333333334
120,30,60,4,0.1,100,DollarPartitionRaffle,0.8549999999999995
120,60,30,4,0.1,100,CredibleSubset,0.69
120,10,40,4,1.0,100,ExactDollarPartition,0.7880000000000004
120,24,10,4,0,100,Partition,0.8716666666666666
120,10,30,4,0.1,100,ExactDollarPartition,0.7969999999999997
120,60,30,4,1.0,100,DollarPartitionRaffle,0.8948333333333339
120,40,60,4,0.9,100,CredibleSubset,0.44
120,24,60,4,1.0,100,CredibleSubset,0.31
120,10,40,4,0.8,100,CredibleSubset,0.21
120,10,10,4,0.5,100,ExactDollarPartitionv2,0.8540000000000001
120,24,40,4,0.5,100,DollarPartitionRaffle,0.8379166666666665
120,24,10,4,0.8,100,ExactDollarPartitionv2,0.9120833333333337
120,40,60,4,1.0,100,Bucket,0.59525
120,10,40,4,1.0,100,DollarPartitionRaffle,0.6940000000000001
120,60,60,4,0.8,100,DollarRaffle,0.6804999999999999
120,30,30,4,0,100,TopK,0.8966666666666663
120,24,60,4,0.9,100,ExactDollarPartition,0.8987499999999997
120,60,60,4,1.0,100,Bucket,0.7218333333333332
120,10,10,4,0,100,Partition,0.7759999999999998
120,10,40,4,0.8,100,Partition,0.7949999999999997
120,30,30,4,0.8,100,Vanilla,1.0
120,60,60,4,0.1,100,DollarPartitionRaffle,0.9023333333333339
120,40,10,4,0.5,100,DollarPartitionRaffle,0.8785000000000006
120,30,10,4,1.0,100,CredibleSubset,0.72
120,30,40,4,0.9,100,Bucket,0.8156666666666659
120,24,60,4,0,100,ExactDollarPartition,0.9062499999999993
120,10,60,4,0.9,100,CredibleSubset,0.12
120,24,40,4,0,100,ExactDollarPartition,0.9045833333333333
120,60,10,4,0.8,100,Bucket,0.869166666666667
120,10,60,4,1.0,100,CredibleSubset,0.1
120,24,40,4,1.0,100,Partition,0.8883333333333333
120,30,40,4,0.1,100,DollarRaffle,0.39233333333333303
120,60,30,4,0,100,CredibleSubset,0.58
120,30,30,4,0,100,ExactDollarPartitionv2,0.923333333333334
120,30,10,4,0.1,100,ExactDollarPartition,0.9153333333333334
120,30,10,4,0.9,100,ExactDollarPartition,0.9210000000000003
120,30,60,4,0.5,100,Bucket,0.8763333333333333
120,10,60,4,0.5,100,ExactDollarPartition,0.8130000000000003
120,24,60,4,0,100,Partition,0.8895833333333333
120,60,40,4,0.1,100,CredibleSubset,0.58
120,40,30,4,0.8,100,ExactDollarPartition,0.9410000000000004
120,30,40,4,1.0,100,Partition,0.8879999999999998
120,60,30,4,0.8,100,Partition,0.9468333333333345
120,60,60,4,1.0,100,DollarPartitionRaffle,0.8913333333333334
120,10,40,4,0.5,100,CredibleSubset,0.2
120,60,60,4,0.8,100,Partition,0.9451666666666679
120,10,40,4,0.9,100,CredibleSubset,0.29
120,60,30,4,0.8,100,Vanilla,1.0
120,60,40,4,0.1,100,Vanilla,1.0
120,60,40,4,1.0,100,DollarPartitionRaffle,0.8925000000000003
120,10,40,4,1.0,100,Vanilla,1.0
120,24,40,4,1.0,100,ExactDollarPartitionv2,0.8208333333333332
120,24,30,4,0.1,100,TopK,0.8812500000000001
120,60,30,4,0.5,100,Bucket,0.9393333333333345
120,30,40,4,0.1,100,ExactDollarPartition,0.9230000000000002
120,40,10,4,0.1,100,TopK,0.8280000000000003
120,10,60,4,0.9,100,ExactDollarPartitionv2,0.8719999999999999
120,40,10,4,0.5,100,Partition,0.9179999999999999
120,60,60,4,0.5,100,Bucket,0.965000000000001
120,24,60,4,0.5,100,Bucket,0.8295833333333337
120,24,40,4,0.1,100,TopK,0.8908333333333331
120,10,30,4,0.5,100,ExactDollarPartition,0.8069999999999997
120,40,60,4,1.0,100,Vanilla,1.0
120,10,60,4,0.1,100,ExactDollarPartitionv2,0.8730000000000001
120,60,60,4,0.5,100,Vanilla,1.0
120,30,60,4,0,100,Bucket,0.8713333333333325
120,10,30,4,0.1,100,ExactDollarPartitionv2,0.8759999999999998
120,10,30,4,0,100,DollarPartitionRaffle,0.711
120,10,10,4,0.9,100,DollarRaffle,0.14399999999999985
120,60,40,4,0,100,DollarPartitionRaffle,0.9065000000000006
120,40,60,4,0.5,100,DollarRaffle,0.51175
120,24,30,4,0.5,100,DollarRaffle,0.3295833333333333
120,30,10,4,0.1,100,CredibleSubset,0.78
120,30,40,4,1.0,100,DollarPartitionRaffle,0.8506666666666662
120,60,40,4,0.1,100,Bucket,0.9545000000000013
120,60,10,4,0.8,100,CredibleSubset,0.85
120,60,30,4,0.1,100,ExactDollarPartition,0.9633333333333342
120,10,30,4,0.9,100,ExactDollarPartitionv2,0.8499999999999995
120,10,30,4,0.8,100,ExactDollarPartitionv2,0.8660000000000002
120,10,10,4,0.8,100,DollarPartitionRaffle,0.7070000000000004
120,40,30,4,0.1,100,CredibleSubset,0.55
120,10,60,4,0.8,100,CredibleSubset,0.25
120,30,40,4,0.8,100,DollarRaffle,0.3956666666666665
120,24,30,4,0.8,100,CredibleSubset,0.43
120,10,60,4,0.1,100,Vanilla,1.0
120,40,10,4,0.5,100,ExactDollarPartitionv2,0.9274999999999998
120,30,10,4,0,100,DollarRaffle,0.3916666666666665
120,10,10,4,0.1,100,ExactDollarPartition,0.7989999999999999
120,24,30,4,0.9,100,ExactDollarPartitionv2,0.9158333333333333
120,40,40,4,0,100,Bucket,0.8945000000000002
120,40,60,4,0,100,DollarRaffle,0.5105
120,10,30,4,0.5,100,Partition,0.7859999999999995
120,24,30,4,1.0,100,ExactDollarPartition,0.865833333333333
120,10,40,4,0.1,100,ExactDollarPartitionv2,0.873
120,30,30,4,1.0,100,TopK,0.5670000000000003
120,60,10,4,0.5,100,ExactDollarPartition,0.9620000000000011
120,60,30,4,0.8,100,DollarPartitionRaffle,0.9070000000000005
120,60,30,4,1.0,100,CredibleSubset,0.69
120,30,10,4,0.9,100,CredibleSubset,0.85
120,60,40,4,0.5,100,DollarPartitionRaffle,0.9010000000000005
120,30,60,4,0.8,100,DollarRaffle,0.39833333333333315
120,10,60,4,1.0,100,Bucket,0.35900000000000004
120,24,40,4,0.8,100,Partition,0.8854166666666664
120,24,40,4,0,100,Bucket,0.773333333333333
120,30,40,4,0.5,100,CredibleSubset,0.37
120,24,10,4,0.5,100,DollarPartitionRaffle,0.8404166666666668
120,10,30,4,0,100,DollarRaffle,0.15399999999999991
120,10,40,4,0.5,100,ExactDollarPartition,0.8020000000000002
120,10,10,4,0.8,100,Bucket,0.40099999999999986
120,10,30,4,0.5,100,CredibleSubset,0.19
120,30,60,4,0.1,100,CredibleSubset,0.31
120,40,60,4,0.8,100,DollarRaffle,0.5027499999999998
120,10,40,4,0.9,100,DollarRaffle,0.13299999999999984
120,40,40,4,0.1,100,DollarRaffle,0.5007499999999998
120,10,40,4,0.8,100,TopK,0.8559999999999998
120,40,30,4,0,100,CredibleSubset,0.58
120,40,30,4,0.5,100,ExactDollarPartitionv2,0.93375
120,60,40,4,0.9,100,Partition,0.9393333333333341
120,24,10,4,0.1,100,CredibleSubset,0.77
120,60,60,4,0.5,100,DollarPartitionRaffle,0.9030000000000002
120,10,30,4,0.8,100,Partition,0.8079999999999997
120,30,40,4,0.9,100,Vanilla,1.0
120,10,40,4,0.1,100,Partition,0.7989999999999998
120,60,60,4,0.9,100,DollarRaffle,0.6704999999999999
120,30,30,4,1.0,100,DollarPartitionRaffle,0.843666666666666
120,10,10,4,0.8,100,ExactDollarPartition,0.7999999999999997
120,60,40,4,0.9,100,DollarRaffle,0.6703333333333329
120,10,60,4,0,100,Bucket,0.6350000000000005
120,40,60,4,0.1,100,ExactDollarPartitionv2,0.94
120,40,30,4,1.0,100,CredibleSubset,0.6
120,40,60,4,0.8,100,Partition,0.9240000000000005
120,24,40,4,0.1,100,ExactDollarPartition,0.897083333333333
120,24,60,4,0.9,100,CredibleSubset,0.3
120,24,60,4,1.0,100,Partition,0.8829166666666669
120,40,30,4,0.9,100,TopK,0.9024999999999999
120,30,10,4,0.9,100,TopK,0.7586666666666665
120,10,10,4,0.1,100,DollarRaffle,0.1379999999999999
120,24,10,4,0.8,100,Partition,0.8737499999999997
120,24,40,4,0.8,100,Vanilla,1.0
120,10,10,4,0.1,100,CredibleSubset,0.43
120,30,60,4,1.0,100,ExactDollarPartition,0.8963333333333329
120,24,30,4,0.9,100,CredibleSubset,0.43
120,40,10,4,0.9,100,ExactDollarPartition,0.9287499999999997
120,30,30,4,0.9,100,DollarPartitionRaffle,0.8429999999999995
120,10,10,4,1.0,100,DollarRaffle,0.10699999999999987
120,60,10,4,0,100,Bucket,0.8666666666666667
120,10,60,4,0.9,100,Partition,0.8029999999999997
120,30,30,4,0.1,100,Partition,0.900333333333333
120,24,10,4,0.5,100,CredibleSubset,0.71
120,60,10,4,0.8,100,ExactDollarPartition,0.9623333333333344
120,10,30,4,0,100,TopK,0.8259999999999995
120,40,30,4,0,100,Bucket,0.8577499999999999
120,10,10,4,0.5,100,Vanilla,1.0
120,60,40,4,0.1,100,ExactDollarPartition,0.9666666666666677
120,40,40,4,0.9,100,DollarPartitionRaffle,0.8795000000000002
120,24,30,4,0.5,100,TopK,0.8720833333333329
120,60,10,4,1.0,100,ExactDollarPartition,0.9456666666666679
120,40,40,4,0.5,100,Vanilla,1.0
120,40,10,4,0.9,100,TopK,0.818
120,30,60,4,0,100,Vanilla,1.0
120,60,40,4,1.0,100,TopK,0.7496666666666667
120,24,40,4,0,100,TopK,0.884166666666667
120,30,10,4,0.1,100,DollarPartitionRaffle,0.851666666666666
120,30,10,4,0,100,Partition,0.8826666666666667
120,60,30,4,0.5,100,ExactDollarPartitionv2,0.9446666666666675
120,60,10,4,0.8,100,DollarPartitionRaffle,0.9073333333333339
120,60,30,4,0.1,100,DollarRaffle,0.6829999999999997
120,10,60,4,1.0,100,ExactDollarPartitionv2,0.6740000000000004
120,30,40,4,0.5,100,DollarRaffle,0.4186666666666665
120,30,30,4,0.9,100,CredibleSubset,0.5
120,24,10,4,0.5,100,TopK,0.7424999999999997
120,10,40,4,0.5,100,ExactDollarPartitionv2,0.8810000000000001
120,30,10,4,0.5,100,DollarPartitionRaffle,0.8446666666666661
120,40,10,4,0.8,100,CredibleSubset,0.78
120,30,10,4,1.0,100,Vanilla,1.0
120,24,40,4,0,100,CredibleSubset,0.44
120,40,10,4,0.5,100,CredibleSubset,0.8
120,24,60,4,0.8,100,TopK,0.91375
120,24,60,4,0,100,Bucket,0.8245833333333336
120,30,10,4,0.9,100,Vanilla,1.0
120,30,60,4,1.0,100,DollarPartitionRaffle,0.8389999999999996
120,30,40,4,0,100,Vanilla,1.0
120,10,10,4,0.9,100,Partition,0.7569999999999998
120,40,10,4,0.9,100,DollarPartitionRaffle,0.8755000000000002
120,30,30,4,0.9,100,TopK,0.8769999999999999
120,10,60,4,0.1,100,DollarRaffle,0.14799999999999985
120,24,60,4,0.9,100,Partition,0.8849999999999996
120,40,10,4,0,100,Bucket,0.7567499999999998
120,60,30,4,1.0,100,TopK,0.7318333333333333
120,24,10,4,0.5,100,Vanilla,1.0
120,40,40,4,0.8,100,ExactDollarPartitionv2,0.9380000000000004
120,40,10,4,0,100,Vanilla,1.0
120,60,60,4,1.0,100,DollarRaffle,0.5175
120,60,40,4,0,100,TopK,0.9598333333333346
120,60,10,4,0,100,ExactDollarPartitionv2,0.9466666666666677
120,40,40,4,0.1,100,Partition,0.9174999999999999
120,60,40,4,0.5,100,DollarRaffle,0.6825000000000001
120,24,60,4,0.1,100,ExactDollarPartitionv2,0.9212500000000002
120,24,30,4,0,100,ExactDollarPartitionv2,0.919166666666667
120,60,10,4,0.5,100,DollarPartitionRaffle,0.9026666666666672
120,10,40,4,0,100,DollarRaffle,0.15099999999999988
120,60,10,4,0.1,100,Vanilla,1.0
120,24,30,4,1.0,100,TopK,0.5337500000000001
120,30,30,4,0.1,100,Vanilla,1.0
120,24,60,4,0.9,100,DollarPartitionRaffle,0.8287499999999999
120,60,10,4,0.9,100,CredibleSubset,0.88
120,40,30,4,0.8,100,Partition,0.9182500000000001
120,60,40,4,1.0,100,DollarRaffle,0.5278333333333335
120,24,10,4,0.8,100,Bucket,0.6291666666666667
120,24,10,4,1.0,100,CredibleSubset,0.7
120,40,10,4,1.0,100,TopK,0.5930000000000001
120,24,60,4,0.9,100,Vanilla,1.0
120,40,30,4,1.0,100,TopK,0.6292499999999998
120,40,10,4,0.1,100,DollarPartitionRaffle,0.883
120,30,10,4,0.1,100,Partition,0.8903333333333326
120,10,60,4,0.5,100,DollarRaffle,0.1599999999999999
120,60,60,4,0.9,100,TopK,0.9708333333333343
120,24,60,4,0.8,100,DollarRaffle,0.3375
120,60,10,4,0,100,Partition,0.9383333333333341
120,60,40,4,0.9,100,Vanilla,1.0
120,10,40,4,1.0,100,ExactDollarPartitionv2,0.6880000000000003
120,30,10,4,0.1,100,Vanilla,1.0
120,40,40,4,0.1,100,ExactDollarPartitionv2,0.9370000000000006
120,10,10,4,0.8,100,ExactDollarPartitionv2,0.8349999999999994
120,30,10,4,0.8,100,Bucket,0.6566666666666668
120,60,10,4,0.8,100,Vanilla,1.0
120,60,60,4,0.8,100,ExactDollarPartition,0.9676666666666677
120,60,60,4,0,100,Bucket,0.9656666666666677
120,60,40,4,1.0,100,ExactDollarPartitionv2,0.9016666666666673
120,40,30,4,0.8,100,Vanilla,1.0
120,10,60,4,0.5,100,DollarPartitionRaffle,0.7099999999999999
120,30,40,4,0.5,100,ExactDollarPartitionv2,0.9336666666666673
120,24,40,4,0.8,100,DollarRaffle,0.3204166666666666
120,24,60,4,0.9,100,ExactDollarPartitionv2,0.915833333333333
120,24,10,4,0.1,100,Partition,0.8854166666666663
120,40,40,4,0.9,100,ExactDollarPartition,0.9340000000000005
120,60,40,4,0.8,100,ExactDollarPartitionv2,0.948000000000001
120,40,10,4,0.9,100,DollarRaffle,0.47375
120,30,60,4,0,100,TopK,0.9246666666666669
120,10,30,4,0,100,CredibleSubset,0.2
120,60,60,4,1.0,100,Vanilla,1.0
120,24,30,4,0.8,100,DollarRaffle,0.335
120,40,40,4,0.5,100,DollarPartitionRaffle,0.8752499999999996
120,60,30,4,0.9,100,ExactDollarPartition,0.961500000000001
120,60,60,4,0.5,100,CredibleSubset,0.44
120,30,60,4,0,100,ExactDollarPartitionv2,0.9333333333333337
120,30,30,4,0.1,100,DollarPartitionRaffle,0.8636666666666667
120,24,40,4,0.1,100,ExactDollarPartitionv2,0.9158333333333342
120,30,10,4,0.5,100,Partition,0.8946666666666668
120,40,10,4,0,100,ExactDollarPartitionv2,0.9379999999999998
120,24,40,4,0.5,100,CredibleSubset,0.37
120,30,10,4,0.5,100,DollarRaffle,0.40166666666666656
120,30,30,4,0.8,100,ExactDollarPartition,0.9183333333333334
120,10,60,4,1.0,100,ExactDollarPartition,0.802
120,10,40,4,0.5,100,Vanilla,1.0
120,24,30,4,0.8,100,Partition,0.879166666666667
120,40,60,4,0.8,100,Vanilla,1.0
120,30,60,4,0.1,100,Vanilla,1.0
120,30,60,4,1.0,100,ExactDollarPartitionv2,0.8459999999999994
120,40,60,4,0.8,100,DollarPartitionRaffle,0.8732500000000001
120,24,60,4,0.5,100,DollarRaffle,0.34625000000000006
120,10,30,4,0.8,100,DollarPartitionRaffle,0.7290000000000003
120,10,40,4,0.5,100,Bucket,0.5600000000000002
120,24,10,4,0.1,100,Vanilla,1.0
120,60,60,4,1.0,100,ExactDollarPartition,0.9470000000000011
120,40,40,4,0.5,100,Bucket,0.883
120,24,10,4,0,100,TopK,0.7458333333333332
120,24,60,4,0.5,100,TopK,0.9208333333333333
120,24,30,4,0.5,100,Bucket,0.7366666666666666
120,60,40,4,1.0,100,Partition,0.940000000000001
120,40,30,4,0.9,100,ExactDollarPartition,0.9390000000000006
120,30,30,4,0.1,100,ExactDollarPartitionv2,0.9250000000000003
120,40,10,4,0.8,100,ExactDollarPartition,0.93025
120,40,30,4,1.0,100,Partition,0.9104999999999999
120,24,40,4,0.9,100,Vanilla,1.0
120,40,30,4,1.0,100,ExactDollarPartitionv2,0.8532499999999998
120,10,30,4,0,100,ExactDollarPartition,0.8269999999999997
120,24,40,4,0.8,100,DollarPartitionRaffle,0.83625
120,60,10,4,0.1,100,DollarRaffle,0.6581666666666667
120,24,10,4,0.5,100,ExactDollarPartitionv2,0.9079166666666666
120,40,30,4,0.1,100,ExactDollarPartition,0.9407500000000002
120,60,30,4,0,100,DollarRaffle,0.6756666666666665
120,30,60,4,0.9,100,ExactDollarPartition,0.9170000000000003
120,60,30,4,0.1,100,Bucket,0.9393333333333344
120,40,40,4,0.8,100,DollarPartitionRaffle,0.8770000000000002
120,30,30,4,0,100,Partition,0.8999999999999995
120,30,60,4,0.9,100,Partition,0.8976666666666673
120,24,30,4,0.9,100,ExactDollarPartition,0.9008333333333336
120,10,60,4,0.9,100,TopK,0.856
120,40,30,4,0.8,100,DollarPartitionRaffle,0.873
120,60,60,4,0.1,100,Vanilla,1.0
120,30,40,4,0.1,100,Bucket,0.8233333333333327
120,40,10,4,1.0,100,Partition,0.9152499999999997
120,30,10,4,0.1,100,Bucket,0.6796666666666671
120,40,40,4,0,100,ExactDollarPartition,0.9415000000000004
120,24,40,4,0.8,100,ExactDollarPartition,0.89625
120,30,30,4,1.0,100,ExactDollarPartitionv2,0.8229999999999993
120,40,40,4,0.5,100,Partition,0.9164999999999996
120,60,40,4,1.0,100,ExactDollarPartition,0.9426666666666678
120,60,30,4,0.1,100,DollarPartitionRaffle,0.9046666666666673
120,40,30,4,0.1,100,TopK,0.9115000000000002
120,40,30,4,0.8,100,Bucket,0.8617500000000001
120,60,60,4,0.9,100,ExactDollarPartitionv2,0.9473333333333344
120,60,30,4,0.8,100,CredibleSubset,0.65
120,10,30,4,0,100,ExactDollarPartitionv2,0.8680000000000001
120,10,10,4,0.9,100,CredibleSubset,0.54
120,24,40,4,1.0,100,DollarRaffle,0.22249999999999998
120,30,40,4,1.0,100,DollarRaffle,0.2800000000000001
120,60,60,4,0,100,CredibleSubset,0.5
120,24,60,4,1.0,100,DollarRaffle,0.23000000000000004
120,40,10,4,0.1,100,CredibleSubset,0.71
120,24,30,4,1.0,100,DollarPartitionRaffle,0.80625
120,10,60,4,0.8,100,ExactDollarPartition,0.816
120,30,60,4,0,100,Partition,0.8989999999999999
120,24,60,4,0.9,100,TopK,0.91875
120,40,30,4,0,100,ExactDollarPartition,0.9429999999999995
120,30,40,4,0,100,ExactDollarPartition,0.920666666666667
120,60,30,4,0.5,100,Partition,0.9466666666666674
120,60,30,4,0.9,100,Vanilla,1.0
120,30,30,4,0.9,100,Partition,0.8969999999999998
120,40,10,4,0.8,100,DollarPartitionRaffle,0.8704999999999994
120,10,10,4,0.9,100,TopK,0.5029999999999998
120,10,40,4,0.1,100,ExactDollarPartition,0.8129999999999998
120,10,40,4,0,100,CredibleSubset,0.2
120,24,60,4,0.8,100,Partition,0.8904166666666672
120,60,10,4,0.1,100,Partition,0.9381666666666678
120,30,10,4,0.1,100,DollarRaffle,0.3969999999999997
120,60,30,4,0.1,100,TopK,0.9508333333333343
120,40,30,4,0.1,100,DollarPartitionRaffle,0.8792499999999999
120,40,40,4,0.9,100,TopK,0.9197500000000002
120,30,30,4,0,100,DollarRaffle,0.4036666666666665
120,40,40,4,0.9,100,ExactDollarPartitionv2,0.9345
120,60,30,4,0.8,100,Bucket,0.9356666666666673
120,40,30,4,0.5,100,Partition,0.9214999999999999
120,60,40,4,0.5,100,ExactDollarPartition,0.9650000000000009
120,60,10,4,0,100,TopK,0.8963333333333336
120,24,10,4,0.9,100,ExactDollarPartition,0.8895833333333332
120,24,60,4,0,100,ExactDollarPartitionv2,0.9225
120,30,10,4,1.0,100,ExactDollarPartition,0.8926666666666665
120,60,60,4,0.9,100,Vanilla,1.0
120,24,10,4,0,100,ExactDollarPartitionv2,0.9058333333333332
120,10,40,4,0.8,100,DollarPartitionRaffle,0.7400000000000003
120,40,40,4,0.5,100,ExactDollarPartitionv2,0.9370000000000002
120,60,40,4,0.9,100,DollarPartitionRaffle,0.9088333333333339
120,40,10,4,0.8,100,Vanilla,1.0
120,60,60,4,0.1,100,ExactDollarPartition,0.9643333333333344
120,30,60,4,0.5,100,DollarPartitionRaffle,0.8533333333333327
120,24,10,4,0.9,100,Bucket,0.6124999999999998
120,24,60,4,0.1,100,TopK,0.9216666666666664
120,60,60,4,1.0,100,Partition,0.9446666666666677
120,40,10,4,0.5,100,Vanilla,1.0
120,40,30,4,0.1,100,ExactDollarPartitionv2,0.9357500000000001
120,30,40,4,0,100,CredibleSubset,0.36
120,60,30,4,1.0,100,Vanilla,1.0
120,24,60,4,0.5,100,Vanilla,1.0
120,10,40,4,1.0,100,DollarRaffle,0.09799999999999992
120,40,30,4,0,100,Partition,0.9212499999999997
120,24,60,4,0.9,100,DollarRaffle,0.3366666666666667
120,60,30,4,0,100,TopK,0.9518333333333346
120,24,60,4,1.0,100,TopK,0.47
120,40,60,4,0,100,ExactDollarPartitionv2,0.9364999999999999
120,60,10,4,0.9,100,Vanilla,1.0
120,60,60,4,0.1,100,Bucket,0.9675000000000008
120,24,40,4,1.0,100,DollarPartitionRaffle,0.8195833333333333
120,10,40,4,0,100,Bucket,0.5440000000000002
120,30,30,4,1.0,100,ExactDollarPartition,0.8986666666666663
120,60,30,4,0,100,Partition,0.9428333333333341
120,24,40,4,0.1,100,DollarRaffle,0.32916666666666666
120,40,60,4,0.1,100,DollarPartitionRaffle,0.8827500000000004
120,24,60,4,0.8,100,ExactDollarPartitionv2,0.9141666666666671
120,60,10,4,0,100,Vanilla,1.0
120,60,30,4,0.5,100,DollarRaffle,0.6756666666666665
120,30,10,4,0.9,100,ExactDollarPartitionv2,0.9216666666666669
120,60,40,4,0.9,100,CredibleSubset,0.66
120,10,40,4,0,100,TopK,0.871
120,30,10,4,0,100,TopK,0.7889999999999996
120,10,30,4,1.0,100,ExactDollarPartitionv2,0.7069999999999999
120,60,60,4,0,100,ExactDollarPartition,0.9675000000000008
120,60,30,4,0.1,100,Vanilla,1.0
120,24,10,4,0.9,100,DollarPartitionRaffle,0.8212500000000001
120,10,10,4,0,100,Bucket,0.37699999999999995
120,60,40,4,0,100,Vanilla,1.0
120,60,30,4,0.8,100,ExactDollarPartition,0.966000000000001
120,10,60,4,0.5,100,Vanilla,1.0
120,30,30,4,0.9,100,Bucket,0.7783333333333331
120,40,30,4,0.8,100,CredibleSubset,0.6
120,10,60,4,0,100,Partition,0.7969999999999996
120,24,40,4,0.8,100,Bucket,0.7724999999999999
120,24,40,4,0,100,ExactDollarPartitionv2,0.9154166666666665
120,60,40,4,0.8,100,TopK,0.9601666666666676
120,40,60,4,0,100,TopK,0.9477499999999999
120,10,60,4,0.8,100,Vanilla,1.0
120,10,10,4,0.1,100,Vanilla,1.0
120,24,30,4,0.8,100,Vanilla,1.0
120,10,30,4,0.5,100,Vanilla,1.0
120,10,60,4,0.8,100,Bucket,0.5820000000000004
120,60,30,4,0.5,100,ExactDollarPartition,0.966000000000001
120,10,40,4,0.8,100,ExactDollarPartitionv2,0.8740000000000002
120,10,10,4,1.0,100,Partition,0.8019999999999997
120,24,10,4,0.5,100,DollarRaffle,0.30999999999999983
120,30,60,4,0.5,100,DollarRaffle,0.41199999999999976
120,60,30,4,0.1,100,ExactDollarPartitionv2,0.9481666666666676
120,30,30,4,0.1,100,DollarRaffle,0.404333333333333
120,24,10,4,0.5,100,Partition,0.8875000000000002
120,24,40,4,0,100,Vanilla,1.0
120,10,10,4,0,100,CredibleSubset,0.56
120,24,40,4,1.0,100,ExactDollarPartition,0.8887499999999998
120,40,60,4,0.8,100,Bucket,0.9177500000000003
120,40,10,4,1.0,100,DollarRaffle,0.37674999999999975
120,24,10,4,0.1,100,DollarPartitionRaffle,0.8366666666666669
120,40,40,4,0.5,100,TopK,0.9295000000000002
120,40,60,4,0.8,100,CredibleSubset,0.41
120,30,60,4,0,100,CredibleSubset,0.33
120,40,60,4,0.1,100,DollarRaffle,0.514
120,10,30,4,1.0,100,Partition,0.7840000000000003
120,40,40,4,1.0,100,DollarRaffle,0.363
120,10,60,4,0.8,100,Partition,0.7889999999999998
120,30,40,4,0,100,Bucket,0.8293333333333327
120,24,10,4,0.8,100,CredibleSubset,0.74
120,60,10,4,0,100,ExactDollarPartition,0.9611666666666676
120,10,30,4,0.9,100,Partition,0.785
120,40,60,4,0.9,100,ExactDollarPartition,0.9302500000000002
120,40,30,4,0.9,100,Bucket,0.852
120,30,10,4,1.0,100,DollarPartitionRaffle,0.8496666666666662
120,30,60,4,0.8,100,Partition,0.8980000000000002
120,30,30,4,0.9,100,Vanilla,1.0
120,40,10,4,0,100,CredibleSubset,0.81
120,40,40,4,0.1,100,TopK,0.9304999999999997
120,10,30,4,1.0,100,CredibleSubset,0.19
120,60,40,4,0.1,100,ExactDollarPartitionv2,0.9461666666666675
120,40,30,4,1.0,100,DollarRaffle,0.3515
120,10,40,4,1.0,100,TopK,0.3880000000000002
120,24,40,4,0.5,100,ExactDollarPartition,0.8983333333333334
120,30,60,4,0.8,100,Vanilla,1.0
120,10,40,4,0.1,100,TopK,0.8639999999999999
120,30,40,4,0.1,100,DollarPartitionRaffle,0.8509999999999992
120,24,30,4,0,100,CredibleSubset,0.44
120,60,10,4,0.9,100,Bucket,0.8614999999999998
120,10,10,4,1.0,100,Bucket,0.30200000000000005
120,60,10,4,0,100,DollarPartitionRaffle,0.898166666666667
120,30,30,4,0.9,100,ExactDollarPartitionv2,0.9313333333333338
120,10,30,4,0.9,100,CredibleSubset,0.21
120,40,40,4,0,100,Partition,0.9202500000000003
120,60,40,4,0.9,100,Bucket,0.949500000000001
120,10,60,4,1.0,100,Partition,0.7899999999999997
120,40,40,4,0.8,100,CredibleSubset,0.41
120,40,60,4,0.9,100,Partition,0.91025
120,30,60,4,0.5,100,Partition,0.8936666666666667
120,24,60,4,0.8,100,Bucket,0.8162499999999998
120,10,60,4,0,100,Vanilla,1.0
120,60,60,4,0.9,100,Partition,0.9443333333333345
120,10,30,4,0.1,100,TopK,0.8199999999999997
120,30,40,4,0.9,100,DollarRaffle,0.38866666666666644
120,40,10,4,0,100,DollarRaffle,0.48925
120,40,10,4,0.8,100,Bucket,0.7547500000000003
120,60,10,4,1.0,100,ExactDollarPartitionv2,0.9045000000000006
120,10,60,4,0.1,100,TopK,0.8950000000000005
120,60,40,4,0,100,ExactDollarPartition,0.9685000000000009
120,40,40,4,0.8,100,TopK,0.9225
120,10,10,4,0.8,100,DollarRaffle,0.1419999999999999
120,60,30,4,0.9,100,Bucket,0.937500000000001
120,24,10,4,1.0,100,Bucket,0.4495833333333332
120,40,10,4,0.9,100,Partition,0.9077500000000002
120,24,30,4,0.5,100,Vanilla,1.0
120,60,30,4,0.9,100,DollarPartitionRaffle,0.9053333333333342
120,24,10,4,1.0,100,Vanilla,1.0
120,24,60,4,0.1,100,CredibleSubset,0.33
120,24,10,4,0.8,100,ExactDollarPartition,0.8883333333333333
120,10,40,4,0,100,Partition,0.7899999999999996
120,24,60,4,0.8,100,CredibleSubset,0.25
120,40,60,4,1.0,100,ExactDollarPartition,0.91125
120,40,40,4,1.0,100,DollarPartitionRaffle,0.8722499999999997
120,30,30,4,0.5,100,DollarPartitionRaffle,0.8483333333333328
120,30,60,4,1.0,100,CredibleSubset,0.33
120,10,60,4,0.5,100,Bucket,0.6420000000000006
120,10,60,4,1.0,100,DollarPartitionRaffle,0.708
120,10,10,4,0.5,100,Bucket,0.3919999999999999
120,10,40,4,0.1,100,DollarRaffle,0.1409999999999999
120,30,30,4,0,100,DollarPartitionRaffle,0.8496666666666666
120,60,40,4,0.1,100,Partition,0.9420000000000008
120,10,30,4,1.0,100,DollarRaffle,0.09499999999999989
120,40,60,4,1.0,100,CredibleSubset,0.48
120,10,60,4,0.8,100,DollarRaffle,0.1389999999999999
120,60,40,4,0.5,100,Vanilla,1.0
120,30,40,4,0.1,100,Vanilla,1.0
120,40,10,4,0.9,100,ExactDollarPartitionv2,0.93175
120,10,30,4,0.5,100,DollarRaffle,0.14499999999999988
120,30,30,4,0.1,100,ExactDollarPartition,0.9213333333333337
120,24,30,4,0.5,100,ExactDollarPartitionv2,0.91375
120,40,40,4,0.9,100,Bucket,0.8790000000000002
120,60,60,4,1.0,100,CredibleSubset,0.59
120,24,30,4,0,100,Vanilla,1.0
120,10,30,4,0,100,Bucket,0.5500000000000003
120,60,40,4,0,100,DollarRaffle,0.6838333333333331
120,10,30,4,0.9,100,DollarRaffle,0.14299999999999988
120,30,60,4,0.5,100,ExactDollarPartition,0.9186666666666667
120,30,60,4,0.8,100,Bucket,0.8659999999999997
120,10,40,4,0,100,ExactDollarPartitionv2,0.8760000000000003
120,40,10,4,1.0,100,Bucket,0.5502499999999998
120,24,40,4,0.5,100,DollarRaffle,0.33249999999999985
120,24,40,4,0.1,100,Vanilla,1.0
120,30,40,4,1.0,100,Bucket,0.5153333333333334
120,60,40,4,0.5,100,CredibleSubset,0.63
120,24,40,4,0.9,100,Partition,0.88375
120,10,30,4,0.8,100,ExactDollarPartition,0.8139999999999996
120,24,10,4,0.8,100,DollarPartitionRaffle,0.83625
120,24,30,4,0.5,100,DollarPartitionRaffle,0.8470833333333334
120,10,10,4,0.9,100,Bucket,0.385
120,24,30,4,0,100,DollarPartitionRaffle,0.8233333333333331
120,24,10,4,0.1,100,Bucket,0.6245833333333333
120,40,40,4,1.0,100,ExactDollarPartition,0.9217500000000001
120,60,40,4,0,100,Bucket,0.9511666666666676
120,30,30,4,1.0,100,CredibleSubset,0.54
120,10,60,4,0,100,CredibleSubset,0.09
120,30,40,4,0.8,100,Partition,0.8913333333333335
120,10,30,4,1.0,100,DollarPartitionRaffle,0.7090000000000001
120,30,10,4,0,100,DollarPartitionRaffle,0.8403333333333329
120,30,30,4,1.0,100,Bucket,0.5133333333333335
120,40,60,4,0.1,100,TopK,0.9457500000000002
120,24,30,4,0.1,100,ExactDollarPartition,0.9075000000000004
120,10,10,4,1.0,100,DollarPartitionRaffle,0.7219999999999996
120,30,30,4,0,100,ExactDollarPartition,0.9246666666666671
120,10,10,4,0.9,100,Vanilla,1.0
120,40,60,4,0.5,100,Vanilla,1.0
120,30,60,4,0.5,100,TopK,0.931
120,60,10,4,1.0,100,Partition,0.9375000000000007
120,30,60,4,0.1,100,Bucket,0.8770000000000003
120,40,30,4,0.5,100,TopK,0.9155000000000004
120,40,30,4,0.9,100,DollarRaffle,0.48475000000000007
120,40,60,4,0,100,DollarPartitionRaffle,0.8770000000000002
120,24,10,4,0.8,100,TopK,0.7445833333333334
120,24,30,4,0.8,100,Bucket,0.7341666666666667
120,30,30,4,0.1,100,CredibleSubset,0.58
120,40,30,4,0.8,100,DollarRaffle,0.5132500000000002
120,60,60,4,0.1,100,CredibleSubset,0.46
120,24,30,4,0,100,ExactDollarPartition,0.8995833333333336
120,10,60,4,0.1,100,ExactDollarPartition,0.8189999999999997
120,60,30,4,0,100,Bucket,0.9391666666666676
120,40,30,4,0,100,ExactDollarPartitionv2,0.93625
120,40,60,4,0,100,Vanilla,1.0
120,60,30,4,0.1,100,Partition,0.9401666666666679
120,24,40,4,0.1,100,Bucket,0.7795833333333333
120,30,40,4,0.5,100,ExactDollarPartition,0.916333333333334
120,30,40,4,1.0,100,Vanilla,1.0
120,60,30,4,0.8,100,DollarRaffle,0.6763333333333331
120,30,10,4,0.8,100,TopK,0.7679999999999996
120,40,40,4,1.0,100,TopK,0.6345
120,24,40,4,1.0,100,CredibleSubset,0.37
120,40,10,4,1.0,100,Vanilla,1.0
120,60,60,4,0.5,100,DollarRaffle,0.6793333333333328
120,30,40,4,0.8,100,TopK,0.9013333333333337
120,40,30,4,0.5,100,DollarPartitionRaffle,0.8822500000000001
120,30,30,4,0.5,100,TopK,0.8913333333333335
120,24,30,4,0.9,100,TopK,0.8608333333333335
120,40,10,4,0.1,100,Vanilla,1.0
120,40,10,4,0,100,TopK,0.8295000000000001
120,10,40,4,0,100,Vanilla,1.0
120,40,40,4,0.9,100,Vanilla,1.0
120,10,60,4,0.1,100,DollarPartitionRaffle,0.7360000000000001
120,40,40,4,0.8,100,Partition,0.9110000000000003
120,24,30,4,0.1,100,DollarPartitionRaffle,0.8291666666666667
120,24,40,4,0.9,100,TopK,0.8833333333333332
120,10,10,4,1.0,100,TopK,0.4349999999999998
120,30,40,4,0.8,100,Bucket,0.8186666666666662
120,60,60,4,0,100,Partition,0.9446666666666679
120,60,30,4,0.9,100,ExactDollarPartitionv2,0.9470000000000008
120,30,40,4,1.0,100,ExactDollarPartitionv2,0.8336666666666659
120,60,30,4,1.0,100,Bucket,0.6945000000000003
120,30,30,4,0,100,CredibleSubset,0.55
120,30,10,4,0.1,100,TopK,0.7846666666666661
120,10,30,4,1.0,100,Vanilla,1.0
120,60,40,4,0.8,100,Bucket,0.9485000000000008
120,40,60,4,1.0,100,DollarPartitionRaffle,0.8679999999999995
120,60,10,4,0.1,100,CredibleSubset,0.84
120,10,60,4,0,100,ExactDollarPartition,0.8089999999999996
120,60,10,4,0,100,DollarRaffle,0.655333333333333
120,40,60,4,0,100,CredibleSubset,0.49
120,60,30,4,0.5,100,Vanilla,1.0
120,10,10,4,0.5,100,Partition,0.778
120,40,10,4,0,100,DollarPartitionRaffle,0.872
120,24,60,4,0.8,100,DollarPartitionRaffle,0.8375000000000006
120,24,60,4,0.1,100,Vanilla,1.0
120,60,40,4,1.0,100,Bucket,0.7078333333333336
120,40,60,4,0.1,100,ExactDollarPartition,0.94225
120,24,60,4,0.1,100,DollarRaffle,0.3233333333333333
120,24,60,4,0.5,100,Partition,0.8808333333333336
120,40,10,4,0.9,100,Bucket,0.74575
120,40,10,4,0.1,100,ExactDollarPartitionv2,0.9384999999999998
120,10,60,4,1.0,100,TopK,0.2850000000000001
120,24,30,4,0.1,100,ExactDollarPartitionv2,0.9262500000000001
120,30,30,4,0.8,100,DollarRaffle,0.3859999999999998
120,40,60,4,0.5,100,ExactDollarPartitionv2,0.9407500000000002
120,30,40,4,0.8,100,ExactDollarPartitionv2,0.9280000000000003
120,30,40,4,0,100,TopK,0.9023333333333337
120,60,10,4,0.8,100,TopK,0.8955000000000006
120,10,40,4,1.0,100,Partition,0.7939999999999999
120,24,40,4,0,100,DollarRaffle,0.34333333333333327
120,60,10,4,0.1,100,Bucket,0.866333333333333
120,60,60,4,0,100,DollarPartitionRaffle,0.9066666666666674
120,60,60,4,0.8,100,Vanilla,1.0
120,10,40,4,1.0,100,Bucket,0.3209999999999999
120,30,60,4,0,100,DollarPartitionRaffle,0.8589999999999998
120,24,30,4,0.9,100,DollarPartitionRaffle,0.8279166666666669
120,60,40,4,0.8,100,DollarPartitionRaffle,0.9020000000000004
120,40,10,4,0.1,100,DollarRaffle,0.47875000000000006
120,40,30,4,0.9,100,Vanilla,1.0
120,24,30,4,0.1,100,DollarRaffle,0.3345833333333333
120,40,40,4,0.9,100,DollarRaffle,0.4859999999999999
120,30,30,4,0.5,100,DollarRaffle,0.4156666666666663
120,24,60,4,0.1,100,Bucket,0.8233333333333333
120,10,60,4,0.1,100,Partition,0.807
120,30,40,4,0.9,100,CredibleSubset,0.5
120,24,60,4,0.8,100,Vanilla,1.0
120,10,30,4,0.1,100,Partition,0.7859999999999997
120,60,60,4,0.8,100,TopK,0.9693333333333344
120,40,40,4,0,100,DollarPartitionRaffle,0.87625
120,10,30,4,1.0,100,Bucket,0.28099999999999997
120,60,40,4,0.8,100,Vanilla,1.0
120,60,30,4,0.8,100,TopK,0.9561666666666678
120,60,10,4,0.9,100,ExactDollarPartitionv2,0.9431666666666679
120,24,10,4,0,100,CredibleSubset,0.78
120,60,40,4,0.5,100,ExactDollarPartitionv2,0.9473333333333344
120,24,30,4,0.1,100,Vanilla,1.0
120,30,10,4,0.9,100,Partition,0.897666666666667
120,40,60,4,0.8,100,ExactDollarPartitionv2,0.93525
120,40,30,4,0.5,100,CredibleSubset,0.56
120,60,10,4,0.5,100,TopK,0.9028333333333342
120,10,10,4,0,100,TopK,0.528
120,40,40,4,0.9,100,CredibleSubset,0.47
120,10,40,4,0.8,100,Bucket,0.54
120,60,30,4,0,100,DollarPartitionRaffle,0.9040000000000004
120,10,60,4,0.8,100,ExactDollarPartitionv2,0.884
120,40,10,4,0.1,100,ExactDollarPartition,0.9345000000000004
120,24,60,4,0.5,100,ExactDollarPartitionv2,0.9175000000000005
120,10,30,4,0.9,100,Vanilla,1.0
120,60,40,4,0.1,100,DollarPartitionRaffle,0.9065000000000005
120,40,40,4,0.5,100,ExactDollarPartition,0.9362499999999996
120,40,60,4,0.1,100,Bucket,0.9150000000000003
120,60,40,4,0.9,100,ExactDollarPartitionv2,0.9456666666666678
120,40,10,4,0.5,100,DollarRaffle,0.49074999999999996
120,30,10,4,0.8,100,CredibleSubset,0.77
120,60,60,4,0.5,100,ExactDollarPartition,0.9648333333333343
120,24,60,4,0.1,100,DollarPartitionRaffle,0.82875
120,60,30,4,0,100,ExactDollarPartition,0.9671666666666674
120,60,30,4,1.0,100,Partition,0.9395000000000009
120,24,40,4,0.5,100,Bucket,0.775
120,24,40,4,0.8,100,ExactDollarPartitionv2,0.9179166666666663
120,10,60,4,0,100,DollarPartitionRaffle,0.7080000000000003
120,60,10,4,0.1,100,ExactDollarPartition,0.963000000000001
120,10,10,4,0.9,100,ExactDollarPartitionv2,0.8039999999999994
120,10,40,4,0.9,100,Partition,0.7809999999999997
120,24,40,4,0.9,100,CredibleSubset,0.4
120,10,10,4,0,100,Vanilla,1.0
120,30,30,4,0.9,100,ExactDollarPartition,0.9190000000000004
120,10,40,4,0.9,100,ExactDollarPartition,0.7880000000000001
120,24,30,4,1.0,100,Partition,0.8649999999999999
120,30,40,4,0.9,100,TopK,0.8986666666666667
120,24,30,4,0.9,100,Partition,0.8858333333333335
120,24,60,4,0.1,100,ExactDollarPartition,0.9016666666666667
120,30,60,4,0.9,100,ExactDollarPartitionv2,0.9296666666666673
120,10,30,4,0.5,100,Bucket,0.507
120,30,40,4,0.8,100,DollarPartitionRaffle,0.8356666666666663
120,10,40,4,0.5,100,DollarRaffle,0.16399999999999984
120,30,30,4,1.0,100,Vanilla,1.0
120,24,10,4,0.8,100,DollarRaffle,0.3145833333333332
120,30,60,4,0.9,100,DollarRaffle,0.40033333333333315
120,10,30,4,0.5,100,TopK,0.813
120,24,40,4,1.0,100,TopK,0.5233333333333334
120,60,60,4,0.1,100,ExactDollarPartitionv2,0.9486666666666678
120,24,30,4,0,100,TopK,0.8775000000000002
120,60,30,4,0,100,ExactDollarPartitionv2,0.949000000000001
120,40,60,4,0.5,100,Bucket,0.9247500000000001
120,10,10,4,0.1,100,ExactDollarPartitionv2,0.8439999999999995
120,30,10,4,1.0,100,TopK,0.5450000000000004
120,10,60,4,0.1,100,Bucket,0.6350000000000003
120,24,30,4,0.5,100,ExactDollarPartition,0.905
120,40,60,4,0.5,100,CredibleSubset,0.35
120,10,40,4,0.1,100,Vanilla,1.0
120,30,60,4,0.8,100,CredibleSubset,0.35
120,10,40,4,0.8,100,Vanilla,1.0
120,10,40,4,0.5,100,Partition,0.7879999999999999
120,24,10,4,0.9,100,ExactDollarPartitionv2,0.9020833333333335
120,24,60,4,1.0,100,ExactDollarPartitionv2,0.8150000000000002
120,40,30,4,0.9,100,ExactDollarPartitionv2,0.9404999999999998
120,30,40,4,0.1,100,CredibleSubset,0.34
120,60,40,4,0.1,100,TopK,0.9611666666666676
120,24,30,4,0.1,100,Partition,0.8920833333333335
120,10,40,4,0.9,100,Vanilla,1.0
120,30,10,4,0.5,100,TopK,0.7763333333333329
120,60,40,4,0.5,100,Partition,0.943833333333334
120,40,60,4,0.9,100,TopK,0.9444999999999996
120,24,30,4,0.8,100,ExactDollarPartition,0.89375
120,10,60,4,0.5,100,TopK,0.8930000000000002
120,40,30,4,0.9,100,DollarPartitionRaffle,0.8817499999999997
120,10,60,4,0.9,100,ExactDollarPartition,0.7969999999999997
120,10,30,4,0.1,100,Bucket,0.5300000000000002
120,60,10,4,0.1,100,ExactDollarPartitionv2,0.9555000000000008
120,40,40,4,0.8,100,Vanilla,1.0
